0 7
1 0
2 53
3 0
4 155
5 0
6 198
7 0
8 440
9 0
10 784
11 0
12 1233
13 0
14 1026
15 0
16 2332
17 0
18 3138
19 0
20 2510
21 0
22 4233
23 0
24 4793
25 0
26 4950
27 0
28 3343
29 0
30 4843
31 0
32 4002
33 0
34 2539
35 0
36 3544
37 0
38 2933
39 0
40 2535
41 0
42 1495
43 0
44 2153
45 0
46 1871
47 0
48 1182
49 0
50 1896
51 0
52 1996
53 0
54 1971
55 0
56 1365
57 0
58 2078
59 0
60 2104
61 0
62 1479
63 0
64 2112
65 0
66 2194
67 0
68 2269
69 0
70 1533
71 0
72 2273
73 0
74 2712
75 0
76 2701
77 0
78 1921
79 0
80 3368
81 0
82 4052
83 0
84 3075
85 0
86 4427
87 0
88 4507
89 0
90 4340
91 0
92 2519
93 0
94 3588
95 0
96 3315
97 0
98 2084
99 0
100 2997
101 0
102 3311
103 0
104 3150
105 0
106 2198
107 0
108 3699
109 0
110 3935
111 0
112 2844
113 0
114 4435
115 0
116 5311
117 0
118 5516
119 0
120 3731
121 0
122 5478
123 0
124 5017
125 0
126 3228
127 0
128 0
129 6229
130 0
131 4950
132 0
133 5188
134 0
135 3409
136 0
137 5834
138 0
139 5584
140 0
141 3749
142 0
143 4768
144 0
145 5499
146 0
147 5676
148 0
149 4065
150 0
151 6535
152 0
153 5871
154 0
155 3561
156 0
157 4200
158 0
159 3966
160 0
161 3300
162 0
163 2101
164 0
165 2862
166 0
167 2802
168 0
169 2024
170 0
171 2777
172 0
173 2824
174 0
175 2802
176 0
177 1682
178 0
179 2324
180 0
181 1966
182 0
183 1227
184 0
185 1377
186 0
187 1517
188 0
189 1591
190 0
191 1042
192 0
193 1956
194 0
195 2272
196 0
197 2106
198 0
199 1352
200 0
201 2051
202 0
203 2054
204 0
205 1384
206 0
207 1995
208 0
209 2379
210 0
211 2411
212 0
213 1548
214 0
215 2324
216 0
217 2276
218 0
219 1068
220 0
221 1083
222 0
223 939
224 0
225 612
226 0
227 372
228 0
229 437
230 0
231 232
232 0
233 92
234 0
235 112
236 0
237 54
238 0
239 23
240 0
241 17
242 0
243 9
244 0
245 4
246 0
247 0
248 0
249 0
250 0
251 0
252 0
253 3
254 0
255 0
