0 7
1 7
2 60
3 60
4 215
5 215
6 413
7 413
8 853
9 853
10 1637
11 1637
12 2870
13 2870
14 3896
15 3896
16 6228
17 6228
18 9366
19 9366
20 11876
21 11876
22 16109
23 16109
24 20902
25 20902
26 25852
27 25852
28 29195
29 29195
30 34038
31 34038
32 38040
33 38040
34 40579
35 40579
36 44123
37 44123
38 47056
39 47056
40 49591
41 49591
42 51086
43 51086
44 53239
45 53239
46 55110
47 55110
48 56292
49 56292
50 58188
51 58188
52 60184
53 60184
54 62155
55 62155
56 63520
57 63520
58 65598
59 65598
60 67702
61 67702
62 69181
63 69181
64 71293
65 71293
66 73487
67 73487
68 75756
69 75756
70 77289
71 77289
72 79562
73 79562
74 82274
75 82274
76 84975
77 84975
78 86896
79 86896
80 90264
81 90264
82 94316
83 94316
84 97391
85 97391
86 101818
87 101818
88 106325
89 106325
90 110665
91 110665
92 113184
93 113184
94 116772
95 116772
96 120087
97 120087
98 122171
99 122171
100 125168
101 125168
102 128479
103 128479
104 131629
105 131629
106 133827
107 133827
108 137526
109 137526
110 141461
111 141461
112 144305
113 144305
114 148740
115 148740
116 154051
117 154051
118 159567
119 159567
120 163298
121 163298
122 168776
123 168776
124 173793
125 173793
126 177021
127 177021
128 177021
129 183250
130 183250
131 188200
132 188200
133 193388
134 193388
135 196797
136 196797
137 202631
138 202631
139 208215
140 208215
141 211964
142 211964
143 216732
144 216732
145 222231
146 222231
147 227907
148 227907
149 231972
150 231972
151 238507
152 238507
153 244378
154 244378
155 247939
156 247939
157 252139
158 252139
159 256105
160 256105
161 259405
162 259405
163 261506
164 261506
165 264368
166 264368
167 267170
168 267170
169 269194
170 269194
171 271971
172 271971
173 274795
174 274795
175 277597
176 277597
177 279279
178 279279
179 281603
180 281603
181 283569
182 283569
183 284796
184 284796
185 286173
186 286173
187 287690
188 287690
189 289281
190 289281
191 290323
192 290323
193 292279
194 292279
195 294551
196 294551
197 296657
198 296657
199 298009
200 298009
201 300060
202 300060
203 302114
204 302114
205 303498
206 303498
207 305493
208 305493
209 307872
210 307872
211 310283
212 310283
213 311831
214 311831
215 314155
216 314155
217 316431
218 316431
219 317499
220 317499
221 318582
222 318582
223 319521
224 319521
225 320133
226 320133
227 320505
228 320505
229 320942
230 320942
231 321174
232 321174
233 321266
234 321266
235 321378
236 321378
237 321432
238 321432
239 321455
240 321455
241 321472
242 321472
243 321481
244 321481
245 321485
246 321485
247 321485
248 321485
249 321485
250 321485
251 321485
252 321485
253 321488
254 321488
255 321488
